2.358579318996161760e+02 1.720153203433887086e+02 1.359443194521086582e+02 1.036426351808206761e+02 8.071503637667835562e+01 6.575999731203924625e+01 5.533254002522115655e+01 4.771583052901348054e+01 4.199761360685809564e+01 3.805235193950392869e+01
1.720153203433887086e+02 1.327243993334483321e+02 1.033219616258625138e+02 7.865570506430761100e+01 6.133053764364979799e+01 4.982514643326664583e+01 4.192664030196980463e+01 3.615415432151022657e+01 3.180281049039525243e+01 2.882716223894396279e+01
1.359443194521086582e+02 1.033219616258625138e+02 8.159047020399482619e+01 6.201550957745092774e+01 4.835509649907933039e+01 3.933042952126555036e+01 3.310883173548491953e+01 2.857384823193263301e+01 2.514674480686661795e+01 2.279521499025151954e+01
1.036426351808206761e+02 7.865570506430761100e+01 6.201550957745092774e+01 4.730665513965859503e+01 3.684877709113385436e+01 2.998929214754344841e+01 2.524159555366358276e+01 2.178239495887456911e+01 1.916992005644875263e+01 1.737906711837328899e+01
8.071503637667835562e+01 6.133053764364979799e+01 4.835509649907933039e+01 3.684877709113385436e+01 2.872736082353394949e+01 2.337234233548069895e+01 1.967737062906989109e+01 1.698515770126715907e+01 1.494947642669680121e+01 1.355514867138123236e+01
6.575999731203924625e+01 4.982514643326664583e+01 3.933042952126555036e+01 2.998929214754344841e+01 2.337234233548069895e+01 1.902967225170869625e+01 1.602326041582649196e+01 1.383528320178613669e+01 1.218069327345542696e+01 1.104611088090004500e+01
5.533254002522115655e+01 4.192664030196980463e+01 3.310883173548491953e+01 2.524159555366358276e+01 1.967737062906989109e+01 1.602326041582649196e+01 1.350228494937636547e+01 1.167055130855365164e+01 1.028403785389506453e+01 9.331938247507510553e+00
4.771583052901348054e+01 3.615415432151022657e+01 2.857384823193263301e+01 2.178239495887456911e+01 1.698515770126715907e+01 1.383528320178613669e+01 1.167055130855365164e+01 1.011051163548809306e+01 8.926790177176155083e+00 8.110799620432011636e+00
4.199761360685809564e+01 3.180281049039525243e+01 2.514674480686661795e+01 1.916992005644875263e+01 1.494947642669680121e+01 1.218069327345542696e+01 1.028403785389506453e+01 8.926790177176155083e+00 7.897955986635265546e+00 7.185713551305886071e+00
3.805235193950392869e+01 2.882716223894396279e+01 2.279521499025151954e+01 1.737906711837328899e+01 1.355514867138123236e+01 1.104611088090004500e+01 9.331938247507510553e+00 8.110799620432011636e+00 7.185713551305886071e+00 6.545849828281099292e+00
