1.996065879483378467e+02 1.573594884614797422e+02 1.227137071767536014e+02 9.673655297589095881e+01 7.528753261150397691e+01 6.072277908689120807e+01 5.096760958574605382e+01 4.388753129760703331e+01 3.831437015735153295e+01 3.434440437642179944e+01
1.573594884614797422e+02 1.269330008853045655e+02 9.854116243698521771e+01 7.763245395908650437e+01 6.038703734407006607e+01 4.870211653155689646e+01 4.089187842975236009e+01 3.525985614605399121e+01 3.082801173252875770e+01 2.763040054500460130e+01
1.227137071767536014e+02 9.854116243698521771e+01 7.679359058086811274e+01 6.047667793942308379e+01 4.703364255000667526e+01 3.791962618310522970e+01 3.182208176078484740e+01 2.743557960054691236e+01 2.397732904887711314e+01 2.148832877489450155e+01
9.673655297589095881e+01 7.763245395908650437e+01 6.047667793942308379e+01 4.770529235141137292e+01 3.710691306929857802e+01 2.992371920681844344e+01 2.511992899229695198e+01 2.165120974168633339e+01 1.891689461100171243e+01 1.694477858760308564e+01
7.528753261150397691e+01 6.038703734407006607e+01 4.703364255000667526e+01 3.710691306929857802e+01 2.888326645673955539e+01 2.329822769851855213e+01 1.955877885848542519e+01 1.684745486379916102e+01 1.471220374224860450e+01 1.317628742699651312e+01
6.072277908689120807e+01 4.870211653155689646e+01 3.791962618310522970e+01 2.992371920681844344e+01 2.329822769851855213e+01 1.880761891898670513e+01 1.579605450626510610e+01 1.361028926311883325e+01 1.188901565006631600e+01 1.065144783119756866e+01
5.096760958574605382e+01 4.089187842975236009e+01 3.182208176078484740e+01 2.511992899229695198e+01 1.955877885848542519e+01 1.579605450626510610e+01 1.328353893436456978e+01 1.145776832763904274e+01 1.002122683996176455e+01 8.981636715538863669e+00
4.388753129760703331e+01 3.525985614605399121e+01 2.743557960054691236e+01 2.165120974168633339e+01 1.684745486379916102e+01 1.361028926311883325e+01 1.145776832763904274e+01 9.914358470513370492e+00 8.698455711780209043e+00 7.806024822864588764e+00
3.831437015735153295e+01 3.082801173252875770e+01 2.397732904887711314e+01 1.891689461100171243e+01 1.471220374224860450e+01 1.188901565006631600e+01 1.002122683996176455e+01 8.698455711780209043e+00 7.663377748924404820e+00 6.892379408339833091e+00
3.434440437642179944e+01 2.763040054500460130e+01 2.148832877489450155e+01 1.694477858760308564e+01 1.317628742699651312e+01 1.065144783119756866e+01 8.981636715538863669e+00 7.806024822864588764e+00 6.892379408339833091e+00 6.211587116611815063e+00
