2.466252602125562419e+02 1.831912784077875642e+02 1.413997657855660179e+02 1.081379159331202544e+02 8.364121757560333492e+01 6.730672336338153627e+01 5.674718676378318349e+01 4.872301553978093835e+01 4.276964006550461761e+01 3.869465254087284478e+01
1.831912784077875642e+02 1.411677461751492615e+02 1.076590100859114330e+02 8.251226517609232758e+01 6.382913564318219102e+01 5.126089786152819983e+01 4.320174834342587644e+01 3.714992081912844668e+01 3.259786076065520888e+01 2.947925344653231150e+01
1.413997657855660179e+02 1.076590100859114330e+02 8.299618276225670854e+01 6.348694686795127495e+01 4.914458801264660792e+01 3.951317074397545781e+01 3.330590025346174343e+01 2.862617409621407560e+01 2.511968981028944370e+01 2.271296409847855458e+01
1.081379159331202544e+02 8.251226517609232758e+01 6.348694686795127495e+01 4.866953209485613030e+01 3.768044122137810348e+01 3.029652938677071106e+01 2.553130338282796785e+01 2.193941270388593523e+01 1.924305912835433574e+01 1.739514877310898555e+01
8.364121757560333492e+01 6.382913564318219102e+01 4.914458801264660792e+01 3.768044122137810348e+01 2.919918096089407911e+01 2.348189826689184301e+01 1.978652580575913689e+01 1.699345986132870223e+01 1.489672377730595798e+01 1.346471234755055946e+01
6.730672336338153627e+01 5.126089786152819983e+01 3.951317074397545781e+01 3.029652938677071106e+01 2.348189826689184301e+01 1.889629162789089989e+01 1.592532788609686811e+01 1.367866039893344698e+01 1.199355024418818161e+01 1.084127967773694046e+01
5.674718676378318349e+01 4.320174834342587644e+01 3.330590025346174343e+01 2.553130338282796785e+01 1.978652580575913689e+01 1.592532788609686811e+01 1.343427003493643568e+01 1.155261935181621347e+01 1.014310321718907915e+01 9.173789181499522272e+00
4.872301553978093835e+01 3.714992081912844668e+01 2.862617409621407560e+01 2.193941270388593523e+01 1.699345986132870223e+01 1.367866039893344698e+01 1.155261935181621347e+01 9.964872404904227210e+00 8.773534936996275846e+00 7.945102418804323108e+00
4.276964006550461761e+01 3.259786076065520888e+01 2.511968981028944370e+01 1.924305912835433574e+01 1.489672377730595798e+01 1.199355024418818161e+01 1.014310321718907915e+01 8.773534936996275846e+00 7.750612069166480822e+00 7.028978539396535830e+00
3.869465254087284478e+01 2.947925344653231150e+01 2.271296409847855458e+01 1.739514877310898555e+01 1.346471234755055946e+01 1.084127967773694046e+01 9.173789181499522272e+00 7.945102418804323108e+00 7.028978539396535830e+00 6.382322700635397972e+00
